 1614.2637  1220.4280 
 2097.9512  867.8691 
 2738.4365  1257.3323 
 61.8462  877.5325 
 233.7585  559.4814 
 2504.5686  12.2551 
 2583.7559  1030.7925 
 2491.4263  935.3845 
 2516.6648  961.7451 
 1470.6812  380.7935 
 251.3208  1546.1401 
 1796.4104  808.5042 
 2348.9854  134.3997 
 2219.1228  1058.5159 
 2169.4460  500.9570 
 2625.9639  1103.8071 
 1554.8604  175.9971 
 1908.4565  1038.5508 
 1841.8398  557.5859 
 1017.5789  866.0049 
 2311.2280  1008.8391 
 579.6152  465.5835 
 1567.1240  818.0894 
 1858.3076  209.7029 
 2136.3994  1103.6995 
