 0.0000  598.5410  1124.7784  1589.8357  1530.5702  1500.7747  987.8647  922.3145  938.7463  851.8228  1401.3214  450.3983  1311.2107  626.1550  908.7716  1018.3996  1046.1189  345.8738  700.8213  694.0090  728.3743  1280.7372  405.0907  1039.7705  535.0245 
 598.5410  0.0000  749.6019  2036.1279  1889.5284  947.3189  512.3966  399.2255  429.1081  794.1727  1967.2558  307.3289  775.2390  225.8955  373.8128  578.3288  879.5649  255.0304  402.3291  1080.3739  255.6551  1570.7253  533.1562  700.4369  238.9440 
 1124.7784  749.6019  0.0000  2703.4022  2600.0784  1266.8510  274.3107  405.7886  369.5328  1541.2734  2503.8280  1043.4845  1188.5494  556.0708  946.4955  190.3157  1603.1651  858.3310  1137.3349  1764.7912  494.2226  2299.4294  1250.9625  1368.2669  621.3306 
 1589.8357  2036.1279  2703.4022  0.0000  361.5389  2591.4470  2526.5623  2430.2688  2456.2626  1493.8426  694.9365  1735.9372  2404.8393  2164.8550  2140.9778  2574.0823  1649.6191  1853.6171  1808.5196  955.8022  2253.2110  661.6545  1506.4510  1916.5777  2086.8451 
 1530.5702  1889.5284  2600.0784  361.5389  0.0000  2335.8157  2396.7941  2288.7479  2318.0762  1249.7628  986.8150  1582.3695  2157.5169  2047.1216  1936.5720  2453.3522  1375.6346  1741.8728  1608.0824  841.6241  2125.5121  358.3764  1358.2127  1661.7776  1978.9431 
 1500.7747  947.3189  1266.8510  2591.4470  2335.8157  0.0000  1021.6110  923.2229  949.5670  1097.6082  2725.7896  1065.5987  197.8015  1084.5003  592.5679  1098.2817  963.7205  1186.8582  858.2512  1714.6507  1015.1651  1977.6128  1236.1923  675.7506  1151.8678 
 987.8647  512.3966  274.3107  2526.5623  2396.7941  1021.6110  0.0000  132.7684  96.2744  1288.9662  2388.6893  818.1229  926.6268  365.6855  672.5908  84.3365  1337.6476  675.3440  879.9795  1574.8223  273.4107  2082.3163  1038.6448  1095.6566  453.2585 
 922.3145  399.2255  405.7886  2430.2688  2288.7479  923.2229  132.7684  0.0000  36.4947  1161.6763  2321.8732  706.5024  813.5515  298.8487  540.7389  215.5610  1205.7466  592.0279  751.4615  1475.4795  194.5945  1968.6886  931.7150  963.0437  392.9046 
 938.7463  429.1081  369.5328  2456.2626  2318.0762  949.5670  96.2744  36.4947  0.0000  1196.4892  2339.5087  736.3757  844.1663  312.8831  576.9632  179.2426  1241.9612  613.0387  786.5961  1502.1400  210.7656  1999.5843  960.3461  999.5007  405.8976 
 851.8228  794.1727  1541.2734  1493.8426  1249.7628  1097.6082  1288.9662  1161.6763  1196.4892  0.0000  1686.6750  537.6206  912.2106  1009.6893  709.0215  1362.8745  221.4220  790.1214  411.1134  663.8763  1049.2665  895.0910  447.8046  423.7053  982.7379 
 1401.3214  1967.2558  2503.8280  694.9365  986.8150  2725.7896  2388.6893  2321.8732  2339.5087  1686.6750  0.0000  1712.1357  2528.4793  2027.3189  2184.4020  2415.4893  1891.1656  1733.1317  1872.6959  1024.5659  2128.8283  1129.3271  1503.7938  2090.0887  1936.3045 
 450.3983  307.3289  1043.4845  1735.9372  1582.3695  1065.5987  818.1229  706.5024  736.3757  537.6206  1712.1357  0.0000  871.6398  491.1126  483.4675  880.5469  677.0610  255.8823  254.9977  780.9512  552.4231  1264.1935  229.4867  601.9919  450.2586 
 1311.2107  775.2390  1188.5494  2404.8393  2157.5169  197.8015  926.6268  813.5515  844.1663  912.2106  2528.4793  871.6398  0.0000  933.1961  408.1650  1008.2003  795.2137  1005.7609  660.5174  1519.1739  875.2542  1800.0982  1038.6235  496.4225  992.3381 
 626.1550  225.8955  556.0708  2164.8550  2047.1216  1084.5003  365.6855  298.8487  312.8831  1009.6893  2027.3189  491.1126  933.1961  0.0000  559.7676  409.3543  1104.5741  311.3072  627.1151  1216.8682  104.6478  1743.4317  694.9153  922.3183  94.2588 
 908.7716  373.8128  946.4955  2140.9778  1936.5720  592.5679  672.5908  540.7389  576.9632  709.0215  2184.4020  483.4675  408.1650  559.7676  0.0000  756.1989  695.2082  597.5974  332.4645  1208.3285  527.3010  1590.2243  680.7090  426.1878  603.6477 
 1018.3996  578.3288  190.3157  2574.0823  2453.3522  1098.2817  84.3365  215.5610  179.2426  1362.8745  2415.4893  880.5469  1008.2003  409.3543  756.1989  0.0000  1417.0724  720.4688  955.6193  1625.8697  328.7516  2143.5653  1096.7117  1178.4390  489.5645 
 1046.1189  879.5649  1603.1651  1649.6191  1375.6346  963.7205  1337.6476  1205.7466  1241.9612  221.4220  1891.1656  677.0610  795.2137  1104.5741  695.2082  1417.0724  0.0000  932.2173  477.4591  874.5183  1125.0412  1017.3316  642.2094  305.3134  1094.9061 
 345.8738  255.0304  858.3310  1853.6171  1741.8728  1186.8582  675.3440  592.0279  613.0387  790.1214  1733.1317  255.8823  1005.7609  311.3072  597.5974  720.4688  932.2173  0.0000  485.5564  907.4332  403.8659  1447.1043  406.3387  830.3636  237.0703 
 700.8213  402.3291  1137.3349  1808.5196  1608.0824  858.2512  879.9795  751.4615  786.5961  411.1134  1872.6959  254.9977  660.5174  627.1151  332.4645  955.6193  477.4591  485.5564  0.0000  880.0729  651.1181  1265.5731  378.5906  348.2726  620.4881 
 694.0090  1080.3739  1764.7912  955.8022  841.6241  1714.6507  1574.8223  1475.4795  1502.1400  663.8763  1024.5659  780.9512  1519.1739  1216.8682  1208.3285  1625.8697  874.5183  907.4332  880.0729  0.0000  1301.5105  593.4219  551.6301  1066.5632  1143.7911 
 728.3743  255.6551  494.2226  2253.2110  2125.5121  1015.1651  273.4107  194.5945  210.7656  1049.2665  2128.8283  552.4231  875.2542  104.6478  527.3010  328.7516  1125.0412  403.8659  651.1181  1301.5105  0.0000  1814.8304  768.1642  918.5617  198.9058 
 1280.7372  1570.7253  2299.4294  661.6545  358.3764  1977.6128  2082.3163  1968.6886  1999.5843  895.0910  1129.3271  1264.1935  1800.0982  1743.4317  1590.2243  2143.5653  1017.3316  1447.1043  1265.5731  593.4219  1814.8304  0.0000  1048.5390  1304.0434  1682.4890 
 405.0907  533.1562  1250.9625  1506.4510  1358.2127  1236.1923  1038.6448  931.7150  960.3461  447.8046  1503.7938  229.4867  1038.6235  694.9153  680.7090  1096.7117  642.2094  406.3387  378.5906  551.6301  768.1642  1048.5390  0.0000  674.4791  636.9047 
 1039.7705  700.4369  1368.2669  1916.5777  1661.7776  675.7506  1095.6566  963.0437  999.5007  423.7053  2090.0887  601.9919  496.4225  922.3183  426.1878  1178.4390  305.3134  830.3636  348.2726  1066.5632  918.5617  1304.0434  674.4791  0.0000  936.2505 
 535.0245  238.9440  621.3306  2086.8451  1978.9431  1151.8678  453.2585  392.9046  405.8976  982.7379  1936.3045  450.2586  992.3381  94.2588  603.6477  489.5645  1094.9061  237.0703  620.4881  1143.7911  198.9058  1682.4890  636.9047  936.2505  0.0000 
